342 ONOMASTIGON TERENTIANVM.

Ρ1. 784. 813. 986. 087. 1014. Ρ11ἰ111111(Π1111011)(111)Α1.

10371046 13. Perinthiam An.9
Neptunus Neptuni Aa. 700 · Ρ11111111(Φ1ιι1711111)11181982.
Ι7171111111(Ν1111111111)1111111-1180. 475. 484. 830. 833.

tum An. 7 1054. (111.)11“11.,86. 95. 144.
0111111111(010111111)Α1. 194 148. 171. 100. 210. 651. 678.
Omphale (Ὀμφάλη) Omphalae 687. 715. 1073. 1080. Pir. 154.

Eo. 1027 173. 208. 222. 247. 257. 260.
Pamphila (Παμφίλη) Aa. 610. 300. 499. 503. 532. 558. Phae·

Pamphilam 111440. 442. 624 driam Eu. 440. 441. Ρ1. 64.

796. 827. 1038. Ρ1. 310. 510. 258. Ρ1111111111 (1111)]111. 354.

517 437. 824. Pi. 600. (1111.) Eu.
Pamphilus (Πάμφιλος) An. 88. 1037. Ph. 87. 597. 712. 778. 886.

131. 462. 851. 957. 965. 1711. 10361040. Ρ111111111(111.)111.

60115. 144. 346. Pamphile 201. 465,

An· 254. 267. 286. 818. 321. Phaedrus (linito 11) Phaedrum

325. 344. 880. 409. 416. 617. An. 86

675. 686. 871. 882. 933. 050. Phania (Φανίας) An. 934. 1711.

065. 986. Η11. 200. 382. 389. 458. Phaniam Aa. 029. Boon.

305. 456. 482. 484. 504. 585. 169

602. 613. 621. 635. 650. 664. Ρ11111111111(Φ1ἱνιον)Ρ1.322.(111.)

671. 824. 855. 862. 864. Pam· 201. (111.) 218. 816. 352. 782.
’ philum‘An. 00. 145. 200. 227. Phanio Ρ1. 872

234. 310. 338. 412. 685. 717. Ρ11111111111(Φ11111111111) Pha·

Heo. 173. 428. 575. 743. 752. nooratae Hono. 1061

706. 804. 808. Pamphili An. Phidippus (Φείδιππος) Phidippo

540. 765. 1111. 77. 152. 841. lieo. 247. 256. 480. 497. 510.

Pamphilo (1111.) An. 301. 420. 627. 708. 715. 771. 777. Phi·

486. 518. Hoc. 125. 774. 816. dippum Hoc. 246. 440. 622.

(111.) Α1. 166. 218. 497. 512. Phidippo Heo. 820. 870

603. Hoc. 260 Ρ11111111(Φ1111111)(1111.) 171182.
Parmeno (Παρμένων) Eu 120. 84.Ρ11111111111Φ111’1111)(111.)

570. 604. 700. 025. 074. 1050. 1111. 80. 107. 111.)81

Hoc. 400. 878. (111.) Eu. 83. *Ρ11111111(12111111) 11111602

99. 189. 221. 277. 280. 307. Philumena (411111μέ111) Hee-

330. 351. 362. 360. 462. 064. 354. 414. 480. 588. (noemi

075. 1020. 1034. 1111. 82. 83. 325. 632. Philumenam Aa. 306.

103. 109. 131. 133. 140. 301. 1001. Η11. 210. 320. 460. 800.

304. 814. 320. 340. 350. 416. 832. Philumenae 1711. 101318.

808. 841. 875. 870. Ad. 168. 337. 340. 793

Parmenonem Eu. 267. 270. Ρ11111111(Φορμί1111)Ρ1.27.122.

304. 018. 044. 1005. Parme· 314. 476. 618. 602. 833. 807.

nonio Ειι. 718. Parmenone Eu. 1048. (111.) 317. 324. 437. 478.

608 820. 858. 875. 882. 900. 022
'Pasiphilo (Πασιφίλη) An. 945 1050. Ρ1111111111111Ρ1.26.307.

 

