204 ADELPHI. 11113-11

111. 11111111 strenue 1111111 aperi. 8101111111 1111
1111111111
Aa. 111111 nunciam. 81. 1111111 111 111111. 1111111111
11111, Ρ11111111
11 Ν111111111111 11111111 111111111111111111111111 em,
1111111.
011111111111111111 111111 111111 11111111 111111-
1111 tuos, 170
11111111 111, 11111111111, 1111113111 11111111 11
1111111111.
81. 111111111113111111111111111. 1111111, 111111 1111111
1111111111.
81. 0111131111 1111111. 111. Nini 11111, geminabit. 81
8111111111 mihi.
1111. Non 1111111111 uerum 11 1111111111111111111111111
tamen.
l 11111111. 81. Quid 1111 111111 regnumne, 1111111111,
- 111111 [1111111111 175
11. 811111111111, 111111111111 1111111 1111111111.
81. Quid 11111111 1111111111. Nss. 81. 11111111111111
11111 1111111 1111111111.
81. 1113111111111111111 111811111311111, 111111 11-
1111111111.
a 81. Qui 11111 1131111111 meam 11111111, 1111111131 11-
11111111 (111111
1111111111. 111. 11111 111111111111111 11111111111 hic
conuitium: 180
Ν11111111111111 111111 1111, 111111111 abripiere 11-
1111111
1111111111111 operiere 11111. 81. 111111 liber? 11.
8111111

 

